m: 400
c: 1

LU error: 0.0

precondition: None

GMRES
num iterations: 47
norm error: 4.586533664590355e-15
errors list: [1.0, 0.4472135954999579, 0.21821789023599242, 0.1084652289093281, 0.05415303610738824, 0.027066598098038335, 0.01353205990612878, 0.006765875086793228, 0.0033829181859434945, 0.0016914566733160677, 0.0008457280342018852, 0.00042286397929394937, 0.00021143198492110132, 0.00010571599186981649, 5.285799586106648e-05, 2.642899792130302e-05, 1.3214498959497733e-05, 6.607249479604644e-06, 3.303624739784294e-06, 1.6518123698898935e-06, 8.259061849446651e-07, 4.1295309247229736e-07, 2.0647654623614429e-07, 1.0323827311807159e-07, 5.161913655903573e-08, 2.5809568279517857e-08, 1.2904784139758925e-08, 6.452392069879464e-09, 3.226196034939732e-09, 1.613098017469866e-09, 8.06549008734933e-10, 4.032745043674665e-10, 2.0163725218373326e-10, 1.0081862609186663e-10, 5.0409313045933315e-11, 2.5204656522966657e-11, 1.2602328261483329e-11, 6.301164130741664e-12, 3.150582065370832e-12, 1.575291032685416e-12, 7.87645516342708e-13, 3.93822758171354e-13, 1.96911379085677e-13, 9.84556895428385e-14, 4.922784477141925e-14, 2.4613922385709626e-14, 1.2306961192854813e-14, 6.1534805964274066e-15]
total runtime (true): 7.700920104980469e-05
total runtime: 0.004621028900146484
precondition time: 0.0001976490020751953
non-precondition time: 0.004423379898071289

Conjugate Gradient
num iterations: 100
norm error: 286.5959730253588
errors list: [1.0, 0.5, 1.222222222222222, 3.365051903114186, 8.345763465673455, 17.83583885629292, 33.491110261836695, 56.9329002116314, 89.77022206085954, 133.62045648919474, 190.12318808406286, 260.94840827242865, 347.800843224759, 452.4217617238296, 576.589192473481, 722.1171675815301, 890.8543968716633, 1084.6826368585125, 1305.5149250139477, 1555.2937881423522, 1835.989492601733, 2149.5983767954967, 2498.1412882551035, 2883.6621357220097, 3308.226558907534, 3773.9207137088392, 4282.850167671182, 4837.138898786029, 5438.928389873745, 6090.376810524867, 6793.658278664048, 7550.962194117812, 8364.492637017172, 9236.467824385605, 10169.119618809289, 11164.69308363249, 12225.446079648682, 13353.648898757137, 14551.583930519415, 15821.545357977842, 17165.83887948834, 18586.781453673786, 20086.701064922974, 21667.93650714705, 23332.837183761734, 25083.7629220929, 26923.083800607445, 28853.17998755314, 30876.44158975292, 32995.26851044237, 35212.0703151669, 37529.26610486757, 39949.284395385264, 42474.56300270074, 45107.54893330774, 47850.69827918492, 50706.47611689462, 53677.35641039078, 56765.82191716678, 59974.36409741649, 63305.483025919886, 66761.68730639797, 70345.4939881117, 74059.42848450503, 77906.02449371666, 81887.8239208045, 86007.37680154559, 90267.24122769042, 94669.98327356442, 99218.176923922, 103914.40400297045, 108761.25410448939, 113761.32452298168, 118917.22018579794, 124231.55358618504, 129706.94471721354, 135346.02100654526, 141151.41725200633, 147125.77555793515, 153271.74527227881, 159591.98292441398, 166089.15216367075, 172765.9236985424, 179624.9752365629, 186668.991424839, 193900.66379122308, 201322.6906861153, 208937.7772248855, 216748.63523090447, 224757.98317917663, 232968.54614056714, 241383.05572661542, 250004.25003492963, 258834.8735951558, 267877.6773155162, 277135.4184299119, 286610.8604455847, 296306.77309133403, 306225.9322662841, 316371.11998919677, 326745.124348327]
total runtime (true): 7.700920104980469e-05
total runtime: 0.001104116439819336
precondition time: 0.0003116130828857422
non-precondition time: 0.0007925033569335938

precondition: PreconditionEnum.JACOBI

GMRES
num iterations: 46
norm error: 9.173067288213951e-15
errors list: [0.5, 0.22360679774997896, 0.10910894511799621, 0.05423261445466405, 0.02707651805369412, 0.013533299049019168, 0.00676602995306439, 0.003382937543396614, 0.0016914590929717472, 0.0008457283366580338, 0.0004228640171009426, 0.00021143198964697468, 0.00010571599246055066, 5.2857995934908246e-05, 2.642899793053324e-05, 1.321449896065151e-05, 6.6072494797488665e-06, 3.303624739802322e-06, 1.651812369892147e-06, 8.259061849449468e-07, 4.1295309247233257e-07, 2.0647654623614868e-07, 1.0323827311807214e-07, 5.1619136559035794e-08, 2.5809568279517864e-08, 1.2904784139758929e-08, 6.452392069879463e-09, 3.226196034939732e-09, 1.613098017469866e-09, 8.06549008734933e-10, 4.032745043674665e-10, 2.0163725218373326e-10, 1.0081862609186663e-10, 5.0409313045933315e-11, 2.5204656522966657e-11, 1.2602328261483329e-11, 6.301164130741664e-12, 3.150582065370832e-12, 1.575291032685416e-12, 7.87645516342708e-13, 3.93822758171354e-13, 1.96911379085677e-13, 9.84556895428385e-14, 4.922784477141925e-14, 2.4613922385709626e-14, 1.2306961192854813e-14, 6.1534805964274066e-15]
total runtime (true): 7.700920104980469e-05
total runtime: 0.006892681121826172
precondition time: 0.002471923828125
non-precondition time: 0.004420757293701172

Conjugate Gradient
num iterations: 100
norm error: 1.2487480063507874
errors list: [0.5, 0.25, 0.140625, 0.11406792534722221, 0.11887508810857157, 0.13250959515022673, 0.15079180618032142, 0.17296766705752686, 0.19835523570945318, 0.2261833579051743, 0.2557991530861834, 0.2867543565072259, 0.31879014340762957, 0.35178476775975803, 0.3857002117375251, 0.42054101744698125, 0.4563270461854752, 0.4930776549275895, 0.5308039109348045, 0.5695058976312819, 0.6091729315167702, 0.6497852278020072, 0.691316107702016, 0.7337342287132301, 0.7770055726462931, 0.8210950819168527, 0.8659679242538438, 0.9115904132235083, 0.9579306332344699, 1.0049588238654343, 1.0526475763587078, 1.1009718891826012, 1.1499091221673092, 1.1994388812401415, 1.2495428589278306, 1.3002046498557636, 1.351409555528864, 1.403144388678632, 1.455397284301003, 1.5081575220659025, 1.5614153629275234, 1.6151619013908574, 1.6693889338956862, 1.724088843080759, 1.7792544972194988, 1.8348791638189461, 1.8909564362016613, 1.9474801718114367, 2.0044444409710653, 2.061843484853639, 2.1196716814922953, 2.177923518735454, 2.2365935731469153, 2.2956764939464662, 2.3551669911826796, 2.4150598274223456, 2.4753498123286084, 2.5360317995811474, 2.5971006856662022, 2.6585514101315306, 2.720378956961738, 2.782578356783022, 2.845144689653653, 2.9080730882379253, 2.971358741197363, 3.0349968966641625, 3.09898286568866, 3.163312025575583, 3.2279798230432846, 3.292981777156702, 3.358313481998515, 3.4239706090545465, 3.4899489092989087, 3.5562442149722004, 3.6228524410523404, 3.68976958642265, 3.756991734745745, 3.8245150550548344, 3.8923358020762837, 3.960450316298943, 4.02885502380679, 4.0975464358921405, 4.166521148466924, 4.235775841289534, 4.305307277024542, 4.375112300152097, 4.445187835743328, 4.515530888117354, 4.586138539394765, 4.657007947961654, 4.728136346857439, 4.799521042098846, 4.871159410951613, 4.943048900160578, 5.015187024148043, 5.0875713631894675, 5.160199561574764, 5.2330693257627745, 5.306178422535738, 5.379524677159928, 5.453105971558001]
total runtime (true): 7.700920104980469e-05
total runtime: 0.0067291259765625
precondition time: 0.005760908126831055
non-precondition time: 0.0009682178497314453

precondition: PreconditionEnum.GAUSS_SEIDEL

GMRES
num iterations: 46
norm error: 9.173067288213951e-15
errors list: [0.5, 0.22360679774997896, 0.10910894511799621, 0.05423261445466405, 0.02707651805369412, 0.013533299049019168, 0.00676602995306439, 0.003382937543396614, 0.0016914590929717472, 0.0008457283366580338, 0.0004228640171009426, 0.00021143198964697468, 0.00010571599246055066, 5.2857995934908246e-05, 2.642899793053324e-05, 1.321449896065151e-05, 6.6072494797488665e-06, 3.303624739802322e-06, 1.651812369892147e-06, 8.259061849449468e-07, 4.1295309247233257e-07, 2.0647654623614868e-07, 1.0323827311807214e-07, 5.1619136559035794e-08, 2.5809568279517864e-08, 1.2904784139758929e-08, 6.452392069879463e-09, 3.226196034939732e-09, 1.613098017469866e-09, 8.06549008734933e-10, 4.032745043674665e-10, 2.0163725218373326e-10, 1.0081862609186663e-10, 5.0409313045933315e-11, 2.5204656522966657e-11, 1.2602328261483329e-11, 6.301164130741664e-12, 3.150582065370832e-12, 1.575291032685416e-12, 7.87645516342708e-13, 3.93822758171354e-13, 1.96911379085677e-13, 9.84556895428385e-14, 4.922784477141925e-14, 2.4613922385709626e-14, 1.2306961192854813e-14, 6.1534805964274066e-15]
total runtime (true): 7.700920104980469e-05
total runtime: 0.006891965866088867
precondition time: 0.0025691986083984375
non-precondition time: 0.00432276725769043

Conjugate Gradient
num iterations: 100
norm error: 1.2487480063507874
errors list: [0.5, 0.25, 0.140625, 0.11406792534722221, 0.11887508810857157, 0.13250959515022673, 0.15079180618032142, 0.17296766705752686, 0.19835523570945318, 0.2261833579051743, 0.2557991530861834, 0.2867543565072259, 0.31879014340762957, 0.35178476775975803, 0.3857002117375251, 0.42054101744698125, 0.4563270461854752, 0.4930776549275895, 0.5308039109348045, 0.5695058976312819, 0.6091729315167702, 0.6497852278020072, 0.691316107702016, 0.7337342287132301, 0.7770055726462931, 0.8210950819168527, 0.8659679242538438, 0.9115904132235083, 0.9579306332344699, 1.0049588238654343, 1.0526475763587078, 1.1009718891826012, 1.1499091221673092, 1.1994388812401415, 1.2495428589278306, 1.3002046498557636, 1.351409555528864, 1.403144388678632, 1.455397284301003, 1.5081575220659025, 1.5614153629275234, 1.6151619013908574, 1.6693889338956862, 1.724088843080759, 1.7792544972194988, 1.8348791638189461, 1.8909564362016613, 1.9474801718114367, 2.0044444409710653, 2.061843484853639, 2.1196716814922953, 2.177923518735454, 2.2365935731469153, 2.2956764939464662, 2.3551669911826796, 2.4150598274223456, 2.4753498123286084, 2.5360317995811474, 2.5971006856662022, 2.6585514101315306, 2.720378956961738, 2.782578356783022, 2.845144689653653, 2.9080730882379253, 2.971358741197363, 3.0349968966641625, 3.09898286568866, 3.163312025575583, 3.2279798230432846, 3.292981777156702, 3.358313481998515, 3.4239706090545465, 3.4899489092989087, 3.5562442149722004, 3.6228524410523404, 3.68976958642265, 3.756991734745745, 3.8245150550548344, 3.8923358020762837, 3.960450316298943, 4.02885502380679, 4.0975464358921405, 4.166521148466924, 4.235775841289534, 4.305307277024542, 4.375112300152097, 4.445187835743328, 4.515530888117354, 4.586138539394765, 4.657007947961654, 4.728136346857439, 4.799521042098846, 4.871159410951613, 4.943048900160578, 5.015187024148043, 5.0875713631894675, 5.160199561574764, 5.2330693257627745, 5.306178422535738, 5.379524677159928, 5.453105971558001]
total runtime (true): 7.700920104980469e-05
total runtime: 0.0060389041900634766
precondition time: 0.0050983428955078125
non-precondition time: 0.0009405612945556641

precondition: PreconditionEnum.SYMMETRIC_GAUSS_SEIDEL

GMRES
ENCOUNTER EXACT SOLUTION
num iterations: 1
norm error: 0.0
errors list: [0.5773502691896257, 0]
total runtime (true): 7.700920104980469e-05
total runtime: 0.0007860660552978516
precondition time: 0.0006048679351806641
non-precondition time: 0.0001811981201171875

Conjugate Gradient
num iterations: 1
norm error: 0.0
errors list: [0.5, 0.0]
total runtime (true): 7.700920104980469e-05
total runtime: 0.0006761550903320312
precondition time: 0.0006520748138427734
non-precondition time: 2.4080276489257812e-05